901570485
901568925
900983445
900995035
000307535
901570845
901565765
900993595
900995835
901569655
901566285
901565875
901570515
901567005
901565675
900983485
900994625
900995215
900992905
901564845
900984475
901566235
900995705
901564795
900992795
901566345
900993975
901568885
900991205
901565595
900983905
900984925
901568805
901565535
900984215
901570875
900995195
901571205
900991075
901566435
900991145
901566865
901565335
901570085
900992775
900994475
900994495
901566925
901566805
900995865
900995095
901568865
900995715
901565695
900995565
000756485
900995045
901565915
901565725
901566575
901566955
901566785
901568765
901565105
004154045
901566455
000011285
900994195
901565135
901570885
900992865
901567045
900993615
900995825
901570725
901564785
900995135
901566855
901566525
900983455
901570065
900994085
901570855
901565315
900983465
900993825
901565475
901570605
901565205
900995905
900992945
900992875
900993965
901570965
901565115
900985215
900995875
900991105
900993575
901570815
005161985
901569675
901564645
900984565
901569615
901565555
900994035
900995645
901566195
901565955
901566595
900995315
900993705
901571265
900993715
900984325
900993865
901570095
901565835
900984135
900995055
900992465
900992725
900994755
901565485
901566895
901566705
900994845
901564615
901566385
900995525
900985065
901566665
901565795
900990885
901569535
901566885
900995975
900994505
901566475
900992715
900993845
901570995
901565975
900984805
901568815
901565065
900990845
900985185
900991495
900984375
901568975
901566945
900985305
901565945
901564815
900984025
901570715
901566845
900996015
901570265
901571325
005164885
900993875
901565825
900984725
900994125
901564585
901570195
900985375
900995725
900995365
900990815
900995815
