900992085
900987115
900991415
900988245
900991665
900991405
900987625
900986565
900995505
900991525
900992175
900987715
900991545
900992055
900988665
900985075
900984715
900988555
900988585
900992145
900991705
900992095
900991715
900984695
900992185
900991335
900991625
900984845
900985135
900995555
900986915
900992335
900996055
900986415
900985055
900991255
900987215
900991275
900991195
005162865
900991425
900991215
900991895
900995845
900986275
900986795
001023495
900986585
900988385
900987425
900990915
900990835
900992345
900991695
900984835
900988575
900983285
900987885
900988785
900987015
900985275
900991445
900995765
900986685
900988465
900986485
005162405
900988035
900995615
005160445
900986745
900987165
900984745
900988425
900991765
900996095
900987055
900992915
900987905
900995375
900991245
900986655
900986965
900991455
900988205
900988525
900991265
900996045
900988145
900991835
900995675
900995655
900991845
900995495
004124075
900992255
900991505
900984155
900991685
900988625
900987445
900988615
900991385
900986895
900992295
900986715
900988695
900983945
900987545
900991435
005164025
900995755
900995325
900995665
900992135
900986535
900996115
900987135
900992415
900991675
900991905
900991935
900992325
900991355
900992045
005161125
005163085
900995415
900991825
